version https://git-lfs.github.com/spec/v1
oid sha256:0126270cfbf09fa898447cadb7323003065252d8f7d565fb64cd49ef78c93895
size 255987
