version https://git-lfs.github.com/spec/v1
oid sha256:e2f4c002df04ad86a29ffc3381e85b6eed9c8c94d907ff13d65d6ec09f6e52ab
size 270035
