version https://git-lfs.github.com/spec/v1
oid sha256:d39338a998321ea6b2c8e7ec66559c461be345b70a2db068defcc10e70658a1d
size 279021
