version https://git-lfs.github.com/spec/v1
oid sha256:bc88672f46f2c5daa666a505facda5d17a41f422cc3bd2d323939e9dce779079
size 267897
