version https://git-lfs.github.com/spec/v1
oid sha256:70194702c524eae33a4451a26590cb2b640e381702efe93001610a649b356db6
size 247294
