version https://git-lfs.github.com/spec/v1
oid sha256:f44c9bdddafecb2884abedda2fefe09964f12a901446d9e5f10fcf9cbf171387
size 269939
