version https://git-lfs.github.com/spec/v1
oid sha256:ddfe5bb3f357518d74318f69dc1e42e6a8213b0d257336a23bc39a7232decbf3
size 249759
